92
597464205 216939799
119278320 112001505
68607867 664399375
1066477562 1257282627
1339228206 846843078
416414559 1333250808
1225401959 696893812
1030777395 821695053
127334841 455709309
861307925 504999404
1045970961 1292789637
266585238 1197489333
3514528 396519507
1380901385 1051515173
809125171 834742361
1263909147 370358116
406859876 692339776
991112916 540881487
623330905 752730711
263659092 507613402
1272796683 867115358
582595317 826969920
1369738948 1004806991
523098671 635127820
392009705 951621664
508305199 1194331242
779568130 466450418
1198737220 155857477
196228747 318530684
1075696424 756386982
812381855 869874084
1221799541 442851313
1104854975 1155103000
530581145 232293992
164123961 1165439944
756274665 1294479278
1315029643 1285507305
990604969 660363245
350503204 668619987
1270688781 1127458626
1043492174 615041812
145717970 362264566
730957560 841824338
192941787 775224671
478757724 187288085
469538346 335829146
1015813364 646169702
823709770 1333300422
676179614 560019450
1134365011 801675671
897789746 1257322716
170845604 1013755214
753386140 323758625
999010927 516778675
451098096 136756075
896823613 961813453
499016490 465564869
1253395683 804047661
1032358721 939098871
969034343 1299770493
356230190 1065947883
331837980 1293640422
315610711 1015432042
1283681254 617446642
130258316 1121732130
788924438 432055198
1102354122 95002629
89763158 269064178
307982815 651530300
318818197 801825036
490984567 283774180
513136827 1171552756
778438817 391335493
101068583 220976913
683798453 720911358
740761923 1232681019
1089511262 912894723
1373015073 102257037
499640931 535632187
664520208 1105018364
1199095203 1041767472
735097631 495705224
744508158 594434271
977594331 61594292
455760056 247748402
440817417 36353700
1349166594 71926652
271309509 401687493
45519495 1353431733
1032754046 1162674867
821901306 441408068
73152876 1075127155
